#           M   M*dndlnm_    dndlnm_j     f(sig)_  lnsigma_j    neff_j       ngtm_       nltm_   sigma_j
  1.00000e+08         nan         nan         nan  -1.667975 -2.497678         nan         nan  5.301423
  1.12202e+08         nan         nan         nan  -1.658321 -2.496114         nan         nan  5.250485
  1.25893e+08         nan         nan         nan  -1.648634 -2.494184         nan         nan  5.199874
  1.41254e+08         nan         nan         nan  -1.638908 -2.492042         nan         nan  5.149542
  1.58489e+08         nan         nan         nan  -1.629146 -2.490423         nan         nan  5.099516
  1.77828e+08         nan         nan         nan  -1.619347 -2.488223         nan         nan  5.049793
  1.99526e+08         nan         nan         nan  -1.609506 -2.486105         nan         nan  5.000339
  2.23872e+08         nan         nan         nan  -1.599629 -2.484275         nan         nan  4.951194
  2.51189e+08         nan         nan         nan  -1.589710 -2.481853         nan         nan  4.902327
  2.81838e+08         nan         nan         nan  -1.579747 -2.479823         nan         nan  4.853726
  3.16228e+08         nan         nan         nan  -1.569746 -2.477654         nan         nan  4.805427
  3.54813e+08         nan         nan         nan  -1.559698 -2.475072         nan         nan  4.757385
  3.98107e+08         nan         nan         nan  -1.549606 -2.473051         nan         nan  4.709612
  4.46684e+08         nan         nan         nan  -1.539471 -2.470523         nan         nan  4.662124
  5.01187e+08         nan         nan         nan  -1.529285 -2.467883         nan         nan  4.614878
  5.62341e+08         nan         nan         nan  -1.519055 -2.465714         nan         nan  4.567907
  6.30957e+08         nan         nan         nan  -1.508777 -2.462898         nan         nan  4.521197
  7.07946e+08         nan         nan         nan  -1.498444 -2.460284         nan         nan  4.474721
  7.94328e+08         nan         nan         nan  -1.488066 -2.457802         nan         nan  4.428521
  8.91251e+08         nan         nan         nan  -1.477633 -2.454737         nan         nan  4.382558
  1.00000e+09         nan         nan         nan  -1.467144 -2.452174         nan         nan  4.336831
  1.12202e+09         nan         nan         nan  -1.456606 -2.449278         nan         nan  4.291369
  1.25893e+09         nan         nan         nan  -1.446007 -2.446055         nan         nan  4.246126
  1.41254e+09         nan         nan         nan  -1.435352 -2.443404         nan         nan  4.201125
  1.58489e+09         nan         nan         nan  -1.424642 -2.440129         nan         nan  4.156369
  1.77828e+09         nan         nan         nan  -1.413866 -2.436846         nan         nan  4.111822
  1.99526e+09         nan         nan         nan  -1.403034 -2.433941         nan         nan  4.067521
  2.23872e+09         nan         nan         nan  -1.392138 -2.430344         nan         nan  4.023443
  2.51189e+09 1.88004e+09 7.48458e-01 2.62738e-01  -1.381174 -2.427085 8.06213e-01 8.10068e+05  3.979573
  2.81838e+09 1.89339e+09 6.71799e-01 2.63080e-01  -1.370151 -2.423768 7.24456e-01 8.10068e+05  3.935945
  3.16228e+09 1.90859e+09 6.03549e-01 2.63426e-01  -1.359057 -2.419904 6.51041e-01 8.10068e+05  3.892521
  3.54813e+09 1.92192e+09 5.41670e-01 2.63778e-01  -1.347894 -2.416632 5.85117e-01 8.10068e+05  3.849309
  3.98107e+09 1.93701e+09 4.86555e-01 2.64134e-01  -1.336665 -2.412842 5.25928e-01 8.10068e+05  3.806327
  4.46684e+09 1.95291e+09 4.37202e-01 2.64494e-01  -1.325359 -2.408830 4.72752e-01 8.10069e+05  3.763536
  5.01187e+09 1.96704e+09 3.92475e-01 2.64860e-01  -1.313983 -2.405375 4.24992e-01 8.10069e+05  3.720965
  5.62341e+09 1.98364e+09 3.52746e-01 2.65230e-01  -1.302534 -2.401194 3.82093e-01 8.10069e+05  3.678606
  6.30957e+09 1.99990e+09 3.16963e-01 2.65605e-01  -1.291004 -2.397137 3.43542e-01 8.10069e+05  3.636434
  7.07946e+09 2.01543e+09 2.84687e-01 2.65984e-01  -1.279401 -2.393322 3.08908e-01 8.10069e+05  3.594485
  7.94328e+09 2.03339e+09 2.55988e-01 2.66368e-01  -1.267717 -2.388800 2.77784e-01 8.10069e+05  3.552731
  8.91251e+09 2.04978e+09 2.29989e-01 2.66757e-01  -1.255948 -2.384769 2.49809e-01 8.10069e+05  3.511167
  1.00000e+10 2.06715e+09 2.06715e-01 2.67149e-01  -1.244104 -2.380467 2.24671e-01 8.10069e+05  3.469823
  1.12202e+10 2.08616e+09 1.85929e-01 2.67547e-01  -1.232170 -2.375699 2.02068e-01 8.10069e+05  3.428661
  1.25893e+10 2.10304e+09 1.67050e-01 2.67948e-01  -1.220151 -2.371590 1.81749e-01 8.10069e+05  3.387698
  1.41254e+10 2.12224e+09 1.50243e-01 2.68353e-01  -1.208048 -2.366809 1.63484e-01 8.10069e+05  3.346945
  1.58489e+10 2.14184e+09 1.35141e-01 2.68762e-01  -1.195850 -2.361935 1.47056e-01 8.10069e+05  3.306368
  1.77828e+10 2.15979e+09 1.21454e-01 2.69175e-01  -1.183566 -2.357575 1.32285e-01 8.10069e+05  3.266001
  1.99526e+10 2.18051e+09 1.09284e-01 2.69591e-01  -1.171191 -2.352413 1.19003e-01 8.10069e+05  3.225831
  2.23872e+10 2.20028e+09 9.82828e-02 2.70010e-01  -1.158716 -2.347556 1.07055e-01 8.10069e+05  3.185840
  2.51189e+10 2.21988e+09 8.83751e-02 2.70432e-01  -1.146153 -2.342769 9.63096e-02 8.10069e+05  3.146066
  2.81838e+10 2.24189e+09 7.95452e-02 2.70856e-01  -1.133489 -2.337294 8.66433e-02 8.10069e+05  3.106477
  3.16228e+10 2.26171e+09 7.15216e-02 2.71283e-01  -1.120725 -2.332485 7.79472e-02 8.10069e+05  3.067078
  3.54813e+10 2.28327e+09 6.43513e-02 2.71711e-01  -1.107868 -2.327185 7.01258e-02 8.10069e+05  3.027895
  3.98107e+10 2.30604e+09 5.79252e-02 2.72141e-01  -1.094903 -2.321546 6.30870e-02 8.10069e+05  2.988892
  4.46684e+10 2.32644e+09 5.20826e-02 2.72571e-01  -1.081838 -2.316624 5.67544e-02 8.10069e+05  2.950095
  5.01187e+10 2.34965e+09 4.68817e-02 2.73001e-01  -1.068671 -2.310894 5.10576e-02 8.10069e+05  2.911507
  5.62341e+10 2.37268e+09 4.21928e-02 2.73430e-01  -1.055392 -2.305235 4.59300e-02 8.10069e+05  2.873102
  6.30957e+10 2.39427e+09 3.79467e-02 2.73859e-01  -1.042013 -2.300007 4.13168e-02 8.10069e+05  2.834917
  7.07946e+10 2.41884e+09 3.41670e-02 2.74285e-01  -1.028523 -2.293926 3.71656e-02 8.10069e+05  2.796932
  7.94328e+10 2.44164e+09 3.07384e-02 2.74709e-01  -1.014919 -2.288369 3.34294e-02 8.10069e+05  2.759141
  8.91251e+10 2.46499e+09 2.76577e-02 2.75129e-01  -1.001212 -2.282658 3.00678e-02 8.10069e+05  2.721577
  1.00000e+11 2.49054e+09 2.49054e-02 2.75544e-01  -0.987386 -2.276316 2.70421e-02 8.10069e+05  2.684209
  1.12202e+11 2.51329e+09 2.23997e-02 2.75954e-01  -0.973446 -2.270791 2.43190e-02 8.10069e+05  2.647050
  1.25893e+11 2.53850e+09 2.01641e-02 2.76356e-01  -0.959395 -2.264547 2.18688e-02 8.10069e+05  2.610117
  1.41254e+11 2.56440e+09 1.81545e-02 2.76751e-01  -0.945220 -2.258104 1.96630e-02 8.10069e+05  2.573380
  1.58489e+11 2.58773e+09 1.63275e-02 2.77135e-01  -0.930931 -2.252392 1.76780e-02 8.10069e+05  2.536870
  1.77828e+11 2.61437e+09 1.47017e-02 2.77508e-01  -0.916523 -2.245714 1.58919e-02 8.10069e+05  2.500580
  1.99526e+11 2.63998e+09 1.32312e-02 2.77869e-01  -0.901985 -2.239312 1.42839e-02 8.10069e+05  2.464491
  2.23872e+11 2.66463e+09 1.19025e-02 2.78215e-01  -0.887332 -2.233165 1.28371e-02 8.10069e+05  2.428643
  2.51189e+11 2.69234e+09 1.07184e-02 2.78545e-01  -0.872551 -2.226107 1.15349e-02 8.10069e+05  2.393008
  2.81838e+11 2.71724e+09 9.64113e-03 2.78855e-01  -0.857639 -2.219819 1.03630e-02 8.10069e+05  2.357587
  3.16228e+11 2.74361e+09 8.67604e-03 2.79145e-01  -0.842606 -2.213067 9.30854e-03 8.10069e+05  2.322411
  3.54813e+11 2.77169e+09 7.81168e-03 2.79412e-01  -0.827435 -2.205770 8.35943e-03 8.10069e+05  2.287445
  3.98107e+11 2.79627e+09 7.02391e-03 2.79652e-01  -0.812134 -2.199417 7.50542e-03 8.10069e+05  2.252711
  4.46684e+11 2.82399e+09 6.32213e-03 2.79864e-01  -0.796704 -2.192090 6.73716e-03 8.10069e+05  2.218217
  5.01187e+11 2.85154e+09 5.68957e-03 2.80044e-01  -0.781129 -2.184732 6.04571e-03 8.10069e+05  2.183937
  5.62341e+11 2.87637e+09 5.11498e-03 2.80188e-01  -0.765424 -2.178058 5.42375e-03 8.10069e+05  2.149905
  6.30957e+11 2.90478e+09 4.60376e-03 2.80294e-01  -0.749578 -2.170253 4.86430e-03 8.10069e+05  2.116107
  7.07946e+11 2.93083e+09 4.13990e-03 2.80356e-01  -0.733584 -2.162999 4.36097e-03 8.10069e+05  2.082531
  7.94328e+11 2.95643e+09 3.72193e-03 2.80372e-01  -0.717456 -2.155735 3.90841e-03 8.10069e+05  2.049214
  8.91251e+11 2.98479e+09 3.34899e-03 2.80337e-01  -0.701178 -2.147530 3.50137e-03 8.10069e+05  2.016126
  1.00000e+12 3.00889e+09 3.00889e-03 2.80246e-01  -0.684750 -2.140366 3.13538e-03 8.10069e+05  1.983275
  1.12202e+12 3.03522e+09 2.70514e-03 2.80094e-01  -0.668180 -2.132373 2.80646e-03 8.10069e+05  1.950685
  1.25893e+12 3.06222e+09 2.43240e-03 2.79875e-01  -0.651451 -2.123973 2.51071e-03 8.10069e+05  1.918321
  1.41254e+12 3.08468e+09 2.18379e-03 2.79584e-01  -0.634571 -2.116627 2.24499e-03 8.10069e+05  1.886214
  1.58489e+12 3.11063e+09 1.96268e-03 2.79215e-01  -0.617540 -2.108018 2.00630e-03 8.10069e+05  1.854361
  1.77828e+12 3.13480e+09 1.76283e-03 2.78761e-01  -0.600341 -2.099623 1.79184e-03 8.10069e+05  1.822741
  1.99526e+12 3.15593e+09 1.58171e-03 2.78215e-01  -0.582992 -2.091775 1.59931e-03 8.10069e+05  1.791391
  2.23872e+12 3.18033e+09 1.42060e-03 2.77569e-01  -0.565478 -2.082623 1.42648e-03 8.10069e+05  1.760289
  2.51189e+12 3.20013e+09 1.27399e-03 2.76816e-01  -0.547793 -2.074401 1.27137e-03 8.10069e+05  1.729432
  2.81838e+12 3.21983e+09 1.14244e-03 2.75948e-01  -0.529952 -2.065773 1.13227e-03 8.10069e+05  1.698852
  3.16228e+12 3.24103e+09 1.02490e-03 2.74955e-01  -0.511934 -2.056230 1.00751e-03 8.10069e+05  1.668515
  3.54813e+12 3.25582e+09 9.17615e-04 2.73829e-01  -0.493745 -2.048022 8.95687e-04 8.10069e+05  1.638441
  3.98107e+12 3.27295e+09 8.22127e-04 2.72561e-01  -0.475390 -2.038562 7.95540e-04 8.10069e+05  1.608641
  4.46684e+12 3.28862e+09 7.36230e-04 2.71139e-01  -0.456847 -2.028890 7.05834e-04 8.10069e+05  1.579087
  5.01187e+12 3.29812e+09 6.58062e-04 2.69553e-01  -0.438133 -2.020355 6.25572e-04 8.10069e+05  1.549811
  5.62341e+12 3.31055e+09 5.88708e-04 2.67793e-01  -0.419240 -2.010203 5.53802e-04 8.10069e+05  1.520805
  6.30957e+12 3.31816e+09 5.25893e-04 2.65847e-01  -0.400152 -2.000662 4.89640e-04 8.10069e+05  1.492051
  7.07946e+12 3.32195e+09 4.69238e-04 2.63704e-01  -0.380891 -1.991392 4.32356e-04 8.10069e+05  1.463588
  7.94328e+12 3.32743e+09 4.18898e-04 2.61352e-01  -0.361435 -1.980636 3.81231e-04 8.10069e+05  1.435388
  8.91251e+12 3.32473e+09 3.73041e-04 2.58777e-01  -0.341782 -1.971329 3.35643e-04 8.10069e+05  1.407454
  1.00000e+13 3.32154e+09 3.32154e-04 2.55971e-01  -0.321949 -1.961048 2.95049e-04 8.10069e+05  1.379814
  1.12202e+13 3.31694e+09 2.95622e-04 2.52917e-01  -0.301905 -1.949962 2.58911e-04 8.10069e+05  1.352433
  1.25893e+13 3.30284e+09 2.62354e-04 2.49606e-01  -0.281667 -1.940555 2.26791e-04 8.10069e+05  1.325337
  1.41254e+13 3.28991e+09 2.32907e-04 2.46026e-01  -0.261233 -1.929348 1.98282e-04 8.10069e+05  1.298530
  1.58489e+13 3.27180e+09 2.06436e-04 2.42162e-01  -0.240579 -1.918252 1.72991e-04 8.10069e+05  1.271986
  1.77828e+13 3.24529e+09 1.82496e-04 2.38009e-01  -0.219731 -1.908290 1.50602e-04 8.10069e+05  1.245741
  1.99526e+13 3.21955e+09 1.61360e-04 2.33552e-01  -0.198669 -1.896284 1.30808e-04 8.10069e+05  1.219778
  2.23872e+13 3.18456e+09 1.42249e-04 2.28781e-01  -0.177382 -1.885513 1.13331e-04 8.10069e+05  1.194087
  2.51189e+13 3.14450e+09 1.25185e-04 2.23696e-01  -0.155896 -1.874514 9.79366e-05 8.10069e+05  1.168705
  2.81838e+13 3.10283e+09 1.10092e-04 2.18281e-01  -0.134178 -1.861881 8.43930e-05 8.10069e+05  1.143597
  3.16228e+13 3.04906e+09 9.64199e-05 2.12536e-01  -0.112236 -1.851370 7.25051e-05 8.10069e+05  1.118777
  3.54813e+13 2.99354e+09 8.43694e-05 2.06463e-01  -0.090082 -1.839117 6.20981e-05 8.10069e+05  1.094264
  3.98107e+13 2.93269e+09 7.36657e-05 2.00054e-01  -0.067681 -1.826280 5.30008e-05 8.10069e+05  1.070024
  4.46684e+13 2.85993e+09 6.40258e-05 1.93320e-01  -0.045059 -1.815528 4.50747e-05 8.10069e+05  1.046089
  5.01187e+13 2.78653e+09 5.55986e-05 1.86267e-01  -0.022206 -1.802228 3.81885e-05 8.10069e+05  1.022455
  5.62341e+13 2.70442e+09 4.80921e-05 1.78898e-01   0.000904 -1.789639 3.22196e-05 8.10069e+05  0.999097
  6.30957e+13 2.61358e+09 4.14224e-05 1.71241e-01   0.024234 -1.777996 2.70668e-05 8.10069e+05  0.976057
  7.07946e+13 2.52150e+09 3.56172e-05 1.63307e-01   0.047818 -1.763766 2.26320e-05 8.10069e+05  0.953308
  7.94328e+13 2.41828e+09 3.04443e-05 1.55118e-01   0.071661 -1.751783 1.88292e-05 8.10069e+05  0.930847
  8.91251e+13 2.31129e+09 2.59331e-05 1.46717e-01   0.095731 -1.738688 1.55839e-05 8.10069e+05  0.908708
  1.00000e+14 2.20140e+09 2.20140e-05 1.38122e-01   0.120077 -1.723907 1.28238e-05 8.10069e+05  0.886852
  1.12202e+14 2.08110e+09 1.85479e-05 1.29383e-01   0.144678 -1.712153 1.04889e-05 8.10069e+05  0.865301
  1.25893e+14 1.96097e+09 1.55766e-05 1.20549e-01   0.169524 -1.697566 8.52451e-06 8.10069e+05  0.844066
  1.41254e+14 1.83686e+09 1.30040e-05 1.11656e-01   0.194662 -1.682833 6.87928e-06 8.10069e+05  0.823113
  1.58489e+14 1.70649e+09 1.07672e-05 1.02776e-01   0.220048 -1.670589 5.51091e-06 8.10069e+05  0.802480
  1.77828e+14 1.57868e+09 8.87760e-06 9.39598e-02   0.245706 -1.654760 4.38006e-06 8.10069e+05  0.782152
  1.99526e+14 1.44748e+09 7.25457e-06 8.52628e-02   0.271663 -1.640753 3.45142e-06 8.10069e+05  0.762111
  2.23872e+14 1.31633e+09 5.87982e-06 7.67672e-02   0.297867 -1.627114 2.69534e-06 8.10069e+05  0.742400
  2.51189e+14 1.18935e+09 4.73490e-06 6.85210e-02   0.324371 -1.610260 2.08431e-06 8.10069e+05  0.722982
  2.81838e+14 1.06160e+09 3.76668e-06 6.05914e-02   0.351171 -1.597204 1.59492e-06 8.10069e+05  0.703863
  3.16228e+14 9.39836e+08 2.97202e-06 5.30505e-02   0.378231 -1.581568 1.20701e-06 8.10069e+05  0.685072
  3.54813e+14 8.23653e+08 2.32137e-06 4.59372e-02   0.405616 -1.564423 9.02297e-07 8.10069e+05  0.666566
  3.98107e+14 7.11227e+08 1.78652e-06 3.93139e-02   0.433284 -1.551534 6.65827e-07 8.10069e+05  0.648376
  4.46684e+14 6.08209e+08 1.36161e-06 3.32215e-02   0.461238 -1.534185 4.84606e-07 8.10069e+05  0.630502
  5.01187e+14 5.12496e+08 1.02256e-06 2.76807e-02   0.489534 -1.517623 3.47362e-07 8.10069e+05  0.612912
  5.62341e+14 4.24694e+08 7.55225e-07 2.27262e-02   0.518100 -1.503779 2.45024e-07 8.10069e+05  0.595651
  6.30957e+14 3.47353e+08 5.50517e-07 1.83563e-02   0.546988 -1.484935 1.69860e-07 8.10069e+05  0.578690
  7.07946e+14 2.78322e+08 3.93141e-07 1.45641e-02   0.576218 -1.469934 1.15539e-07 8.10069e+05  0.562020
  7.94328e+14 2.18988e+08 2.75690e-07 1.13407e-02   0.605719 -1.453939 7.70377e-08 8.10069e+05  0.545682
  8.91251e+14 1.69100e+08 1.89734e-07 8.64645e-03   0.635577 -1.434140 5.02458e-08 8.10069e+05  0.529630
  1.00000e+15 1.27147e+08 1.27147e-07 6.44498e-03   0.665762 -1.420454 3.20046e-08 8.10069e+05  0.513882
  1.12202e+15 9.36031e+07 8.34239e-08 4.68945e-03   0.696239 -1.401862 1.98832e-08 8.10069e+05  0.498456
  1.25893e+15 6.70878e+07 5.32897e-08 3.32046e-03   0.727100 -1.382325 1.20133e-08 8.10069e+05  0.483308
  1.41254e+15 4.65524e+07 3.29566e-08 2.28480e-03   0.758263 -1.368677 7.04855e-09 8.10069e+05  0.468479
  1.58489e+15 3.14350e+07 1.98341e-08 1.52354e-03   0.789757 -1.348013 4.00967e-09 8.10069e+05  0.453955
  1.77828e+15 2.04569e+07 1.15038e-08 9.80896e-04   0.821646 -1.330205 2.20572e-09 8.10069e+05  0.439707
  1.99526e+15 1.28163e+07 6.42336e-09 6.08891e-04   0.853817 -1.314734 1.17375e-09 8.10069e+05  0.425787
  2.23872e+15 7.73646e+06 3.45575e-09 3.62709e-04   0.886368 -1.292230 6.05064e-10 8.10069e+05  0.412150
  2.51189e+15 4.44434e+06 1.76932e-09 2.06554e-04   0.919302 -1.277256 3.04285e-10 8.10069e+05  0.398797
  2.81838e+15         nan         nan         nan   0.952522 -1.258328         nan         nan  0.385767
  3.16228e+15         nan         nan         nan   0.986169 -1.235227         nan         nan  0.373003
  3.54813e+15         nan         nan         nan   1.020164 -1.221827         nan         nan  0.360536
  3.98107e+15         nan         nan         nan   1.054484 -1.199512         nan         nan  0.348372
  4.46684e+15         nan         nan         nan   1.089261 -1.177652         nan         nan  0.336465
  5.01187e+15         nan         nan         nan   1.124343 -1.163544         nan         nan  0.324866
  5.62341e+15         nan         nan         nan   1.159815 -1.138272         nan         nan  0.313544
  6.30957e+15         nan         nan         nan   1.195748 -1.120123         nan         nan  0.302478
  7.07946e+15         nan         nan         nan   1.231963 -1.102240         nan         nan  0.291719
  7.94328e+15         nan         nan         nan   1.268645 -1.074474         nan         nan  0.281212
  8.91251e+15         nan         nan         nan   1.305753 -1.060542         nan         nan  0.270968